0 71.17 -156.47
1 64.51 -147.43
2 61.13 -149.53
3 58.20 -134.27
4 49.16 -123.07
5 53.33 -113.28
6 51.03 -114.05
7 50.25 -104.39
8 52.07 -106.38
9 49.53 -97.09
10 58.46 -94.10
11 43.39 -79.23
12 45.25 -75.42
13 45.31 -73.34
14 46.49 -71.14
15 44.39 -63.36
16 47.34 -52.43
17 47.36 -122.20
18 47.40 -117.23
19 38.35 -121.30
20 37.48 -122.24
21 34.03 -118.15
22 32.43 -117.09
23 40.46 -111.53
24 33.27 -112.05
25 39.43 -105.01
26 35.05 -106.40
27 31.45 -106.29
28 46.47 -92.06
29 44.59 -93.13
30 41.16 -95.57
31 39.07 -94.39
32 35.28 -97.32
33 32.47 -96.48
34 29.46 -95.22
35 43.02 -87.55
36 41.53 -87.38
37 38.39 -90.25
38 35.08 -90.03
39 29.58 -90.07
40 42.20 -83.03
41 40.26 -80.00
42 39.06 -84.31
43 33.45 -84.23
44 42.21 -71.04
45 40.43 -74.01
46 39.57 -75.07
47 38.54 -77.01
48 30.20 -81.40
49 25.46 -80.12
50 25.05 -77.21
51 28.38 -106.05
52 25.33 -103.26
53 25.40 -100.19
54 22.13 -97.51
55 22.09 -100.59
56 20.40 -103.20
57 19.24 -99.09
58 19.03 -98.12
59 19.20 -96.40
60 16.51 -99.55
61 17.03 -96.43
62 17.59 -92.55
63 20.58 -89.37
64 17.30 -88.12
65 14.38 -90.31
66 13.42 -89.12
67 14.06 -87.13
68 12.09 -86.17
69 9.56 -84.05
70 8.58 -79.32
71 23.08 -82.22
72 22.24 -79.58
73 20.01 -75.49
74 18.00 -76.48
75 18.32 -72.20
76 18.28 -69.54
77 18.28 -66.07
78 14.36 -61.05
79 13.06 -59.37
80 10.39 -61.31
81 12.06 -68.56
82 4.56 -52.20
83 5.50 -55.10
84 6.48 -58.10
85 10.30 -66.56
86 10.40 -71.37
87 10.59 -74.48
88 6.15 -75.35
89 4.36 -74.05
90 3.27 -76.31
91 -0.56 -91.01
92 -0.13 -78.30
93 -1.40 -78.38
94 -2.10 -79.50
95 -3.46 -73.15
96 -8.07 -79.02
97 -12.03 -77.03
98 -13.31 -71.59
99 -16.24 -71.33
100 -16.30 -68.09
101 -17.48 -63.10
102 -19.35 -65.45
103 -23.39 -70.24
104 -33.27 -70.40
105 -36.50 -73.03
106 -53.09 -70.55
107 -51.42 -57.51
108 -38.43 -62.17
109 -38.00 -57.33
110 -34.50 -56.12
111 -34.36 -58.27
112 -32.57 -60.40
113 -31.24 -64.11
114 -32.53 -68.49
115 -26.49 -65.13
116 -25.16 -57.40
117 -30.04 -51.11
118 -27.35 -48.34
119 -25.25 -49.15
120 -23.32 -46.37
121 -22.54 -43.14
122 -20.23 -43.30
123 -19.55 -43.56
124 -20.27 -54.37
125 -15.35 -56.05
126 -16.40 -49.16
127 -15.47 -47.55
128 -12.59 -38.31
129 -8.03 -34.54
130 -5.47 -35.13
131 -3.43 -38.30
132 -5.05 -42.49
133 -2.31 -44.16
134 -1.27 -48.29
135 -3.08 -60.01
136 -8.46 -63.54
