0 68.58 33.05
1 64.34 40.32
2 59.55 30.15
3 59.25 24.45
4 56.57 24.06
5 54.43 20.30
6 54.41 25.19
7 53.54 27.34
8 49.50 24.00
9 50.26 30.31
10 46.28 30.44
11 55.45 37.35
12 56.20 44.00
13 55.45 49.08
14 53.12 50.09
15 51.40 39.10
16 50.00 36.15
17 48.27 34.59
18 44.36 33.32
19 47.14 39.42
20 48.44 44.25
21 46.21 48.03
22 41.43 44.49
23 40.11 44.30
24 40.23 49.51
25 58.00 56.15
26 56.51 60.36
27 67.27 63.58
28 69.20 88.06
29 55.00 73.24
30 55.02 82.55
31 56.01 92.50
32 49.50 73.10
33 43.15 76.57
34 41.20 69.18
35 39.40 66.48
36 38.35 68.48
37 43.48 87.35
38 52.16 104.20
39 47.55 106.53
40 52.03 113.30
41 62.13 129.49
42 64.45 177.29
43 53.01 158.39
44 59.34 150.48
45 50.17 127.32
46 50.35 137.02
47 48.27 135.06
48 46.58 142.42
49 43.10 131.56
50 41.01 28.58
51 38.25 27.09
52 39.56 32.52
53 38.43 35.30
54 39.45 37.02
55 39.55 41.17
56 37.55 40.14
57 37.01 35.18
58 36.12 37.10
59 34.44 36.43
60 33.30 36.18
61 33.53 35.30
62 31.57 35.56
63 32.50 35.00
64 32.04 34.46
65 31.46 35.14
66 24.28 39.36
67 21.30 39.12
68 21.27 39.49
69 15.23 44.12
70 14.48 42.57
71 12.45 45.12
72 14.32 49.08
73 23.37 58.35
74 25.18 55.18
75 25.17 51.32
76 26.13 50.35
77 24.38 46.43
78 29.20 47.59
79 30.30 47.47
80 33.21 44.25
81 35.28 44.28
82 36.20 43.08
83 38.05 46.18
84 37.16 49.36
85 35.40 51.26
86 34.19 47.04
87 30.20 48.16
88 32.40 51.38
89 29.36 52.32
90 30.17 57.05
91 36.18 59.36
92 34.20 62.12
93 31.32 65.30
94 34.31 69.12
95 33.36 73.04
96 31.35 74.18
97 31.25 73.05
98 30.11 71.29
99 30.12 67.00
100 27.42 68.52
101 25.22 68.22
102 24.52 67.03
103 30.19 78.02
104 28.40 77.13
105 26.17 73.02
106 26.55 75.49
107 26.28 80.21
108 25.20 83.00
109 25.36 85.07
110 22.32 88.22
111 23.02 72.37
112 21.09 79.06
113 20.30 85.50
114 18.58 72.50
115 17.23 78.29
116 17.42 83.18
117 15.21 75.10
118 12.59 77.35
119 13.05 80.17
120 10.49 78.41
121 9.56 78.07
122 6.56 79.51
123 27.43 85.19
124 27.28 89.39
125 23.43 90.25
126 22.20 91.50
127 22.00 96.05
128 16.47 96.10
129 18.47 98.59
130 19.52 102.08
131 17.58 102.36
132 21.02 105.51
133 16.28 107.36
134 16.04 108.13
135 10.45 106.40
136 11.33 104.55
137 13.45 100.31
138 5.25 100.20
139 3.10 101.42
140 1.17 103.51
141 3.35 98.40
142 -0.57 100.21
143 -2.55 104.45
144 -6.10 106.48
145 -6.54 107.36
146 -7.48 110.22
147 -7.15 112.45
148 -8.39 115.13
149 -10.10 123.35
150 -3.20 114.35
151 1.33 110.20
152 4.56 114.55
153 -0.30 117.09
154 -5.07 119.24
155 1.29 124.51
156 -3.43 128.12
157 -5.40 132.45
158 7.04 125.36
159 10.18 123.54
160 10.42 122.34
161 14.35 121.00
162 22.17 114.09
163 22.38 120.17
164 25.03 121.30
165 29.40 91.09
166 36.03 103.41
167 34.15 108.52
168 30.39 104.04
169 29.39 106.34
170 25.05 102.40
171 23.06 113.16
172 26.06 119.17
173 30.36 114.17
174 32.03 118.47
175 31.14 121.28
176 34.48 113.39
177 36.06 120.19
178 37.55 112.30
179 39.08 117.12
180 39.55 116.25
181 38.53 121.35
182 41.48 123.27
183 45.45 126.41
184 39.01 125.45
185 37.33 126.58
186 35.06 129.03
187 43.03 141.21
188 39.43 140.07
189 38.15 140.53
190 35.42 139.46
191 35.10 136.55
192 36.34 136.39
193 35.00 135.45
194 34.40 135.30
195 34.24 132.27
196 32.48 129.55
197 31.36 130.33
198 26.13 127.40
199 13.28 144.47
200 -2.32 140.42
201 -4.12 152.12
202 -9.30 147.10
203 -12.28 130.50
204 -31.56 115.50
205 -34.55 138.35
206 -37.49 144.58
207 -42.53 147.19
208 -33.52 151.13
209 -27.28 153.02
210 -19.16 146.48
211 -23.42 133.53
212 -45.52 170.30
213 -43.32 172.38
214 -41.18 174.47
215 -36.52 174.46
216 -21.08 -175.12
217 -14.16 -170.42
218 -18.08 178.25
219 -22.16 166.27
220 -9.26 159.57
221 -0.32 166.55
222 11.35 165.23
223 21.19 -157.52
224 1.52 -157.20
225 -9.45 -139.00
226 -17.32 -149.34
227 -25.04 -130.06
228 -27.07 -109.22
