0 14.55 -23.31
1 28.06 -15.24
2 32.38 -16.54
3 31.38 -8.00
4 33.39 -7.35
5 34.02 -6.51
6 34.05 -4.57
7 35.48 -5.45
8 35.43 -0.43
9 36.47 3.03
10 22.56 5.30
11 36.22 6.37
12 36.48 10.11
13 34.44 10.46
14 32.54 13.11
15 32.07 20.04
16 31.12 29.54
17 31.16 32.18
18 29.58 32.33
19 30.03 31.15
20 24.05 32.53
21 19.37 37.14
22 15.36 32.32
23 13.11 30.13
24 13.38 25.21
25 15.20 38.53
26 9.00 38.50
27 11.36 43.09
28 18.06 -15.57
29 14.40 -17.26
30 13.28 -16.39
31 11.51 -15.35
32 16.46 -3.01
33 12.39 -8.00
34 10.23 -9.18
35 9.31 -13.43
36 8.30 -13.15
37 6.18 -10.47
38 5.19 -4.02
39 6.41 -1.35
40 5.33 -0.13
41 6.08 1.13
42 6.29 2.37
43 12.22 -1.31
44 13.31 2.07
45 12.00 8.30
46 11.51 13.10
47 12.07 15.03
48 6.27 3.24
49 6.27 7.27
50 0.20 6.44
51 3.45 8.47
52 3.52 11.31
53 4.22 18.35
54 0.23 9.27
55 -4.16 15.17
56 -4.18 15.18
57 0.04 18.16
58 -5.54 22.25
59 0.30 25.12
60 -3.23 29.22
61 -1.57 30.04
62 0.19 32.25
63 -1.17 36.49
64 2.01 45.20
65 -4.03 39.40
66 -6.10 39.11
67 -6.48 39.17
68 -8.48 13.14
69 -12.44 15.47
70 -11.40 27.28
71 -12.49 28.13
72 -15.25 28.17
73 -20.09 28.36
74 -17.50 31.03
75 -15.47 35.00
76 -19.49 34.52
77 -25.58 32.35
78 -15.57 -5.42
79 -37.15 -12.30
80 -22.59 14.31
81 -22.34 17.06
82 -26.38 15.10
83 -24.45 25.55
84 -25.45 28.10
85 -26.15 28.00
86 -29.12 26.07
87 -29.55 30.56
88 -33.00 27.55
89 -33.58 25.40
90 -33.55 18.22
91 -23.21 43.40
92 -18.55 47.31
93 -12.16 49.17
94 -20.10 57.30
95 -4.38 55.27
96  
