cities created
tsp created
Fillmatrix started
Filled Matrix
MST created
Matching completed
Final length: 130652

0 to 2 1231
2 to 15 3135
15 to 42 2471
42 to 11 2503
11 to 25 2118
25 to 40 2249
40 to 47 700
47 to 32 381
32 to 41 1671
41 to 13 558
13 to 46 1
46 to 37 1671
37 to 45 864
45 to 17 2228
17 to 29 1773
29 to 6 3274
6 to 27 1978
27 to 12 2695
12 to 1 1514
1 to 30 3973
30 to 22 2193
22 to 36 1463
36 to 39 3295
39 to 18 4205
18 to 38 7164
38 to 44 1671
44 to 8 2784
8 to 35 2270
35 to 34 1368
34 to 33 2227
33 to 19 3655
19 to 51 6449
51 to 50 2932
50 to 28 2234
28 to 49 558
49 to 26 2694
26 to 20 1656
20 to 48 1163
48 to 9 1566
9 to 24 649
24 to 3 5626
3 to 31 2029
31 to 43 2227
43 to 23 10545
23 to 4 1978
4 to 14 1589
14 to 16 2509
16 to 5 1742
5 to 7 2194
7 to 10 2151
10 to 21 3752
21 to 0
Length: 130652

